Amiens 0 369 862 679 619 159 366 524 417 674 180 113 587 910 880 358 489 1067 130 1043 167 411 117 624 498 827 352 485 147 
Angers 369 0 518 335 371 494 290 402 498 644 297 503 538 842 692 602 90 999 303 762 454 126 282 530 742 552 106 399 284
Biarritz 862 518 0 183 817 997 808 555 815 820 800 975 735 697 534 1001 512 879 744 445 885 618 785 705 1141 308 510 609 793
Bordeaux 679 335 183 0 634  814 625 369 632 655 617 792 549 662 499 818 329 844 561 460 702 435 602 515 958 250 327 442 572 
Brest 619 371 817 634 0 714  402 752 812 996 468 723 890 1194 1048 886 305 1351 581 1094 734 246 502 900 1026 884 456 761 602 
Calais 159 494 997 814 714 0 461 672 556 840 275 109 753 1076 1046 469 584 1233 274 1209 278 506 212 800 609 967 487 633 298
Cherbourg 366 290 808 625 402 461 0 647 661 874 215 470 768 1072 998 635 310 1229 340 1068 481 204 249 860 795 858 351 639 360
Clermond_Fd 524 402 555 369 752 672 647 0 280  286 586 613 180 463 367 472 469 620 425 464 463 507 498 145 574 389 296 59 409 
Dijon 417 498 815 632 812 556 661 280 0 284 542 471 197 520 490 192 588 677 323 653 278 567 454 240 309 664 392 220 315
Grenoble 674 644 820 655 996 840 874 286 284 0 776  755 106 277 286 476 713 337 557 449 562 751 688 140 505 535 538 265 592
Le_Havre 180 297 800 617 468 275 215 586 542 776 0 284 676 980 950 511 357 1137 211 1062 320 269 88 710 651 852 290 547 208 
Lille 113 503 975 792 723 109 470 613 471 755 284 0 668 991 961 384 593 1148 223 1124 193 515 221 736 524 940 465 574 253
Lyon 587 538 735 549 890 753 768 180 197 106 676 668 0 323 293 412 607 480 470 456 475 645 588 57 434 542 432 159 479
Marseille 910 842 697 662 1194 1076 1072 463 520 277 980 991 323 0 163 712 911 197 793 326 798 949 892 330 757 412 736 457 810 
Montpellier 880 692 534 499 1048 1046 998 367 490 286 950 961 293 163 0 682 743 345 763 163 768 818 862 323 727 249 647 427 788
Nancy 358 602 1001 818 886 469 635 472 192 476 511 384 412 712 682 0 692 869 308 845 191 659 423 460 140 856 491 412 348 
Nantes 489 90 512 329 305 584 310 469 588 713 357 593 607 911 743 692 0 1068 393 789 544 106 372 607 832 579 196 466 378
Nice 1067 999 879 844 1351 1233 1229 620 677 337 1137 1148 480 197 345 869 1068 0 950 508 955 1106 1049 427 842 594 893 614 921
Paris 130 303 744 561 581 274 340 425 323 557 211 223 470 793 763 308 393 950 0 926 155 360 123 517 448 681 234 343 19
Perpignan 1043 762 445 460 1094 1209 1068 464 653 449 1062 1124 456 326 163 845 789 508 926 0 931 895 974 481 948 210 717 590 958
Reims 167 454 885 702 734 278 481 463 278 562 320 193 475 798 768 191 544 955 155 931 0 511 232 537 331 806 375 424 180
Rennes 411 126 618 435 246 506 204 507 567 751 269 515 645 949 818 659 106 1106 360 895 511 0 294 712 836 685 211 516 337
Rouen 117 282 785 602 502 212 249 498 454 688 88 221 588 892 862 423 372 1049 123 974 232 294 0 640 563 764 275 459 133
Saint-Etienne 624 530 705 515 900 800 860 145 240 140 710 736 57 330 323 460 607 427 517 481 537 712 640 0 705 545 472 145 489 
Strasbourg 498 742 1141 958 1026 609 795 574 309 505 651 524 434 757 727 140 832 842 448 948 331 836 563 705 0 976 631 520 504 
Toulouse 827 552 308 250 884 967 858 389 664 535 852 940 542 412 249 856 579 594 681 210 806 685 764 545 976 0 507 443 741
Tours 352 106 510 327 456 487 351 296 392 538 290 465 432 736 647 491 196 893 234 717 375 211 275 472 631 507 0 293 215
Vichy 485 399 609 442 761 633 639 59 220 265 547 574 159 457 427 412 466 614 343 590 424 516 459 145 520 443 293 0 364
Velizy 147 284 793 572 602 298 360 409 315 592 208 253 479 810 788 348 378 921 19 958 180 337 133 489 504 741 215 364 0